naive
0 0.4818756 0.44972593
100 0.0040832595 0.0050520273
200 0.0014378219 0.0015473946
300 0.00070902455 0.00082054
400 0.00025483145 0.0003343807
500 0.00010838434 0.00014426248
600 7.099763e-05 0.00010112965
700 6.569669e-05 9.540064e-05
800 6.34169e-05 9.310671e-05
900 6.187578e-05 9.151397e-05

deriv
0 0.48273104 0.43805656 
100 0.0032550546 0.0028266737
200 0.0013832509 0.001343944
300 0.0007398357 0.0007309561
400 0.0004045345 0.0003908599
500 0.0002667025 0.00024553254
600 0.00015485947 0.00013307501
700 9.154151e-05 7.052672e-05
800 7.633595e-05 5.6392106e-05
900 7.303805e-05 5.382554e-05

